0
0
0
0
0
0
0
0
0
0
0
0
0
0
0
0
0
0
0
0
0
0
0
0
0
0
0
0
0
0
0
0
0
0
0
0
0
0
0
0
0
0
0
0
0
0
0
0
0
0
0
0
0
0
0
0
0
0
0
0
0
0
0
0
0
0
0
0
0
0
0
0
0
0
0
0
0
0
0
0
0
0
0
0
0
0
0
0
0
0
0
0
0
0
0
0
0
0
0
0
0
0
0
0
0
0
0
0
0
0
0
0
0
0
0
0
0
0
0
0
0
0
0
0
0
0
0
0
0
0
0
0
0
0
0
0
0
0
0
0
0
0
0
0
0
0
0
0
0
0
0
0
0
0
0
0
0
0
0
0
0
0
0
0
0
0
0
0
0
0
0
0
0
0
0
0
0
0
0
0
0
0
0
0
0
0
0
0
0
0
0
0
0
0
0
0
0
0
0
0
0
0
0
0
0
0
0
0
0
0
0
0
0
0
0
0
0
0
0
0
0
0
0
0
0
0
0
0
0
0
0
0
0
0
0
0
0
0
0
0
0
0
0
0
0
0
0
0
0
0
0
0
0
0
0
0
0
0
0
0
0
0
0
0
0
0
0
0
0
0
0
0
0
0
0
0
0
0
0
0
0
0
0
0
0
0
0
0
0
0
0
0
0
0
0
0
0
0
0
0
0
0
0
0
0
0
0
0
0
0
0
0
0
0
0
0
0
0
0
0
0
0
0
0
0
0
0
0
0
0
0
0
0
0
0
0
0
0
0
0
0
0
0
0
0
0
0
0
0
0
0
0
0
0
0
0
0
0
0
0
0.00067259
0.00388856
0
0
0
0
0
0
0
0
0
0
0
0.00028956
0.00702964
0.01752391
0.03231111
0.05328661
0.08299885
0.12748502
0.19591065
0.30246323
0.43553954
0.57141637
0.69766701
0.80303852
0.89115744
0.95284584
0.98894161
1
0.98840653
0.96389216
0.94207967
0.93694643
0.94227343
0.95395718
0.96828896
0.97966549
0.9854444
0.98592681
0.98391181
0.97793903
0.97722771
0.97810609
0.98144486
0.98764558
0.98857708
0.9862422
0.98070921
0.97078624
0.95721089
0.93865821
0.91672388
0.89620759
0.872888
0.85160331
0.8246394
0.80078117
0.7823386
0.76360274
0.74962771
0.7387221
0.73079407
0.72271237
0.72507708
0.72563856
0.72304217
0.72229211
0.71616364
0.71159446
0.70826954
0.70157205
0.69924532
0.70093762
0.70692733
0.71824001
0.73124634
0.7484061
0.76818541
0.78394807
0.7968381
0.80260206
0.8045194
0.80240918
0.79699072
0.78920304
0.77691621
0.76518406
0.75119717
0.73700357
0.72262399
0.70412578
0.68410805
0.66474528
0.64736891
0.63005125
0.61564222
0.60249557
0.58988992
0.57993399
0.57136506
0.56094242
0.55235105
0.54568236
0.53958052
0.53510215
0.53093675
0.53016508
0.52984662
0.53036682
0.53211463
0.53271918
0.53246806
0.53331158
0.5319278
0.53051055
0.52951499
0.52996848
0.53253373
0.53705085
0.54235344
0.54912497
0.55523055
0.56011135
0.55767999
0.54821984
0.53144613
0.50763528
0.47811224
0.45092793
0.42798466
0.41051405
0.40039139
0.40087302
0.40829375
0.42086556
0.43007022
0.42456692
0.39136817
0.33009008
0.25720509
0.18189031
0.11650668
0.07031579
0.04275381
0.02593154
0.01574394
0.00394326
0
0
0
0
0
0
0
0
0
0
0
0
0
0
0
0
0
0
0
0
0
0
0
0
0
0
0
0
0
0
0
0
0
0
0
0
0
0
0
0
0
0
0
0
0
0
0
0
0
0
0
0
0
0
0
0
0
0
0
0
0
0
0
0
0
0
0
0
0
0
0
0
0
0
0
0
0
0
0
0
0
0
0
0
0
0
0
0
0
0
0
0
0