0
0
0
0
0
0
0
0
0
0
0
0
0
0
0
0
0
0
0
0
0
0
0
0
0
0
0
0
0
0
0
0
0
0
0
0
0.00001
0.000061
0.000117
0.000241
0.000349
0.000455
0.000756
0.001197
0.00207
0.003712
0.006869
0.013212
0.02717
0.058606
0.130876
0.27137
0.493542
0.723971
0.85751
0.894222
0.903034
0.910928
0.90988
0.899475
0.897977
0.889667
0.883542
0.877453
0.881011
0.874721
0.879688
0.886569
0.891913
0.88768
0.861157
0.848533
0.840828
0.828339
0.844202
0.865864
0.868497
0.890253
0.912538
0.910385
0.918822
0.931726
0.931813
0.954248
0.955545
0.96242
0.956424
0.953352
0.978564
0.989104
0.985615
0.989469
0.982262
0.968801
0.967332
0.976836
0.988729
0.980826
0.967361
0.954754
0.964132
0.966125
0.966772
0.981834
0.98232
0.965685
0.963135
0.972261
0.996498
1
0.9556
0.844893
0.534592
0.190738
0.048329
0.013894
0.005328
0.002611
0.001557
0.0011
0.000785
0.000516
0.000321
0.000162
0.000072
0.000057
0.000023
0.000032
0
0
0
0
0
0
0
0
0
0
0
0
0
0
0
0
0
0
0
0
0
0
0
0
0
0
0
0
0
0
0
0
0
0
0
0
0
0
0
0
0
0
0
0
0
0
0
0
0
0
0
0
0
0
0
0
0
0
0
0
0
0
0
0
0
0
0
0
0
0
0
0
0
0
0
0
0
0
0
0
0
0
0
0
0
0
0
0
0
0
0
0
0
0
0
0
0
0
0
0
0
0
0
0
0
0
0
0
0
0
0
0
0
0
0
0
0
0
0
0
0
0
0
0
0
0
0
0
0
0
0
0
0
0
0
0
0
0
0
0
0
0
0
0
0
0
0
0
0
0
0
0
0
0
0
0
0
0
0
0
0
0
0
0
0
0
0
0
0
0
0
0
0
0
0
0
0
0
0
0
0
0
0
0
0
0
0
0
0
0
0
0
0
0
0
0
0
0
0
0
0
0
0
0
0
0
0
0
0
0
0
0
0
0
0
0
0
0
0
0
0
0
0
0
0
0
0
0
0
0
0
0
0
0
0
0
0
0
0
0
0
0
0
0
0
0
0
0
0
0
0
0
0
0
0
0
0
0
0
0
0
0
0
0
0
0
0
0
0
0
0
0
0
0
0
0
0
0
0
0
0
0
0
0
0
0
0
0
0
0
0
0
0
0
0
0
0
0
0
0
0
0
0
0
0
0
0
0
0
0
0
0
0
0
0
0
0
0
0
0
0
0
0
0
0
0
0
0
0
0
0
0
0
0
0
0
0
0
0
0
0
0
0
0
0
0
0
0
0
0
0
0
0
0
0
0
0
0
0
0
0
0
0
0
0
0
0
0
0
0
0
0
0
0
0
0
0
0
0
0
0
0
0
0
0
0
0
0
0
0
0
0
0
0
0
0
0
0
0
0
0
0
0
0
0
0
0
0
0
0
0
0
0
0
0
0
0
0
0
0
0
0
0
0
0
0
0
0
0
0
0
0
0
0
0
0
0
0
0
0
0
0
0
0
0
0
0
0
0
0
0
0
0
0
0
0
0
0
0
0
0
0
0
0
0
0
0
0
0
0
0
0
0
