-0.000262731
-0.000158191
-8.24982E-05
-2.54436E-05
-1.1253E-05
-1.85595E-06
0
0
0
0
-5.47184E-06
-1.1253E-05
-5.31621E-06
-9.39708E-06
-1.35326E-05
-5.91036E-05
-7.08793E-05
-0.000166408
-9.25533E-05
-9.10816E-05
-5.3652E-05
-2.54436E-05
-1.1253E-05
-5.31621E-06
-4.58328E-06
-2.08603E-05
-4.54357E-05
-3.366E-05
-3.07598E-05
-3.89762E-05
-2.08603E-05
-1.1986E-05
-5.47184E-06
0
0
0
0
-5.31621E-06
-1.46758E-05
-5.62035E-05
-9.92231E-05
-0.000278119
-0.000689104
-0.002154646
-0.000873957
-0.00104752
-0.000968424
-0.000570164
-0.000268047
-0.000171724
-4.2399E-05
-1.72273E-05
-4.01195E-05
-9.90674E-05
-4.54357E-05
-5.3652E-05
-7.08793E-05
-4.81802E-05
-1.46758E-05
-1.62224E-05
-8.21635E-06
-1.85595E-06
0
0
-5.47184E-06
-1.1986E-05
-3.74296E-05
-0.000168959
-0.000178319
-0.000316383
-0.000599241
-0.000392714
-0.000291577
-0.00036727
-0.000242603
-0.000148136
-9.37715E-05
-3.89762E-05
-1.88113E-05
-1.1986E-05
-5.31621E-06
-1.35326E-05
-1.72273E-05
-7.90957E-05
-0.000113936
-0.000505334
-0.000406246
-0.000507345
-0.000420922
-0.000402111
-0.00031298
-0.000270079
-0.000199857
-0.000135455
-5.8215E-05
-2.54436E-05
-1.88113E-05
-2.01274E-05
-6.44198E-05
-0.000144659
-0.000321834
-0.000644676
-0.001652077
-0.00368602
-0.009392778
-0.004472356
-0.004038614
-0.00450447
-0.004755947
-0.003188497
-0.002502795
-0.001260001
-0.000548856
-0.000325604
-0.00013938
-7.08793E-05
-4.01195E-05
-2.54436E-05
-2.54436E-05
-1.69554E-05
-8.21635E-06
-1.35326E-05
-2.54436E-05
-0.000122693
-0.000534858
-0.000512662
-0.000175419
-0.000376667
-0.000258595
-0.000282858
-0.000262731
-0.000249198
-0.000183635
-0.000116525
-7.08793E-05
-9.72115E-05
-0.000150864
-0.000181779
-0.000255558
-0.000505489
-0.001173733
-0.003317842
-0.003275673
-0.002491542
-0.002591132
-0.001979383
-0.003056502
-0.002337276
-0.001190031
-0.000971827
-0.000819107
-0.000494701
-0.000288174
-0.000174238
-9.92231E-05
-7.90957E-05
-3.366E-05
-1.69554E-05
-3.366E-05
-5.3652E-05
-9.63229E-05
-0.000121495
-0.000137311
-0.000141969
-0.000127276
-0.000193032
-0.000277406
-0.000725821
-0.003285226
-0.006921129
-0.005670275
-0.002333178
-0.003752296
-0.003887771
-0.004293379
-0.003693193
-0.002711874
-0.002601862
-0.001922501
-0.001146587
-0.000844551
-0.000734716
-0.000823033
-0.000964499
-0.001167448
-0.001385577
-0.002889069
-0.006567317
-0.019500619
-0.035908113
-0.035689793
-0.030476988
-0.03565124
-0.027153827
-0.029626747
-0.033378888
-0.02052606
-0.01838988
-0.014245933
-0.009930071
-0.008062342
-0.004681665
-0.0025775
-0.001426931
-0.000769418
-0.000477125
-0.000296391
-0.000170102
-0.000104539
-6.02843E-05
-4.4255E-05
-3.00269E-05
-1.35326E-05
-5.47184E-06
-4.58328E-06
-5.31621E-06
-5.47184E-06
-8.21635E-06
-1.46758E-05
-1.99718E-05
-3.366E-05
-3.89762E-05
-4.90688E-05
-7.37794E-05
-0.000149975
-0.000380802
-0.00130617
-0.003295801
-0.005338211
-0.005439155
-0.002729352
-0.002022304
-0.003777895
-0.003413197
-0.002699962
-0.002545717
-0.002065651
-0.002302435
-0.002052138
-0.001713908
-0.001818987
-0.001821036
-0.001914963
-0.002054187
-0.003020928
-0.004731627
-0.011607648
-0.025209309
-0.032681548
-0.028674065
-0.016759413
-0.019981104
-0.023223209
-0.015937507
-0.014716792
-0.018248159
-0.017567755
-0.014939815
-0.012370936
-0.006499474
-0.004602627
-0.003094766
-0.001620466
-0.001319125
-0.001436539
-0.001093321
-0.000796408
-0.000538105
-0.00035331
-0.000238447
-0.00013938
-8.24982E-05
-6.02843E-05
-5.63591E-05
-4.16661E-05
-4.63242E-05
-5.89682E-05
-8.09516E-05
-0.000129983
-0.000178163
-0.000301707
-0.000503923
-0.000778795
-0.000898047
-0.000955102
-0.001111865
-0.00143449
-0.001502102
-0.001293526
-0.001313653
-0.002238921
-0.005066163
-0.019723652
-0.043239621
-0.067468166
-0.072344404
-0.048473668
-0.03231792
-0.024933361
-0.042022697
-0.051673475
-0.044372578
-0.04823119
-0.043930577
-0.031074665
-0.031272148
-0.026557815
-0.02278569
-0.018963056
-0.016978146
-0.015364661
-0.013692479
-0.012873507
-0.012896302
-0.017268118
-0.023814761
-0.060477298
-0.120296618
-0.184877963
-0.202072408
-0.203212593
-0.136375157
-0.089946644
-0.114194431
-0.149574716
-0.167591999
-0.151469878
-0.153348765
-0.151469644
-0.140819781
-0.137587702
-0.127030374
-0.09842101
-0.071104232
-0.054671562
-0.042816272
-0.047213922
-0.037012898
-0.032498532
-0.024152586
-0.01912171
-0.012941833
-0.009033937
-0.006249388
-0.003943628
-0.002547573
-0.001632085
-0.001447717
-0.000958294
-0.000770965
-0.000650861
-0.000560109
-0.000390162
-0.000288174
-0.000204495
-0.000218476
-0.000158191
-0.000183635
-0.000171649
-0.000163508
-0.000116525
-9.10067E-05
-6.96986E-05
-4.63242E-05
-2.54436E-05
-1.88113E-05
-1.46758E-05
-1.46758E-05
-1.35326E-05
-1.62224E-05
-1.88113E-05
-3.07598E-05
-4.2399E-05
-5.91036E-05
-6.55631E-05
-9.51422E-05
-9.9956E-05
-0.000141969
-0.00016691
-0.000226034
-0.000277406
-0.000409669
-0.000591737
-0.001155617
-0.001917765
-0.003426617
-0.007871128
-0.012776064
-0.019676773
-0.029181541
-0.031520688
-0.032839542
-0.029686854
-0.019713967
-0.015193995
-0.019314641
-0.026165565
-0.027831116
-0.025591039
-0.023321627
-0.028510128
-0.03043122
-0.030967101
-0.031694103
-0.028970305
-0.022102461
-0.017628059
-0.014586621
-0.017652846
-0.023142578
-0.034441896
-0.04752893
-0.07013248
-0.110498288
-0.151154334
-0.19094901
-0.196412309
-0.195888483
-0.195203695
-0.168712889
-0.131657396
-0.113471395
-0.138563468
-0.159004181
-0.147239459
-0.128045164
-0.100264112
-0.123374083
-0.133313482
-0.145860103
-0.127094879
-0.119732411
-0.112465869
-0.099264702
-0.080490164
-0.071912488
-0.054032716
-0.050306182
-0.039891115
-0.030077711
-0.024058255
-0.01993811
-0.017968974
-0.015715631
-0.010738138
-0.010500309
-0.006372739
-0.005584974
-0.006141812
-0.005844145
-0.007453029
-0.007554339
-0.007355953
-0.007829926
-0.006402107
-0.00528282
-0.005176211
-0.003680026
-0.003072704
-0.002776469
-0.00166356
-0.001456456
-0.000892731
-0.00070088
-0.000540137
-0.000300994
-0.000269903
-0.000193032
-0.000167588
-0.000143515
-0.000183635
-0.000202446
-0.000257259
-0.000320966
-0.00038009
-0.000585746
-0.000638237
-0.00117292
-0.001335694
-0.001892959
-0.002328401
-0.002896187
-0.003742379
-0.003530418
-0.003974195
-0.005878792
-0.00567503
-0.008643908
-0.00911456
-0.008506832
-0.010406304
-0.012395973
-0.030868456
-0.050049608
-0.088140542
-0.133420611
-0.162720431
-0.189815889
-0.196629474
-0.206008529
-0.209624638
-0.223435111
-0.19501402
-0.170447236
-0.140245061
-0.126515702
-0.14491711
-0.178119951
-0.202411181
-0.223054593
-0.203972949
-0.195605067
-0.204170081
-0.189053458
-0.208876565
-0.20377318
-0.203165245
-0.202812189
-0.190962893
-0.166462725
-0.157010317
-0.128840647
-0.130215529
-0.146221347
-0.14326476
-0.143925259
-0.156190175
-0.179606372
-0.208063473
-0.235976406
-0.245614037
-0.22408807
-0.194710989
-0.152647704
-0.127094719
-0.138105412
-0.131052489
-0.150099687
-0.174691333
-0.205985065
-0.236540212
-0.244925546
-0.235646175
-0.208607447
-0.195093647
-0.182757472
-0.205956392
-0.222601806
-0.203295501
-0.220423057
-0.213100973
-0.216668808
-0.215379766
-0.240989263
-0.22943932
-0.238300057
-0.238857765
-0.23319454
-0.239289851
-0.246364383
-0.255663358
-0.263255266
-0.259409263
-0.253770765
-0.254511249
-0.257973316
-0.236257746
-0.217876318
-0.195161636
-0.170155459
-0.141899875
-0.147356478
-0.163261934
-0.173466781
-0.198321059
-0.208505997
-0.200341083
-0.194832438
-0.190820526
-0.167549101
-0.153605102
-0.14419598
-0.120885096
-0.104262359
-0.089443673
-0.075732566
-0.059282718
-0.048836923
-0.032619694
-0.02962657
-0.024952254
-0.020977491
-0.019770019
-0.013823948
-0.012388896
-0.011386079
-0.007340351
-0.007057107
-0.008131365
-0.007556041
-0.010701943