0.999830759
0.999899104
0.999949506
0.999982103
0.999995617
1.000000089
1
1
1
1
0.999997697
0.999995617
0.999998835
0.999995528
0.999994761
0.999960132
0.999953626
0.999895031
0.999936759
0.999944448
0.99996745
0.999982103
0.999995617
0.999998835
0.999999556
0.999982547
0.999971523
0.999978029
0.999980937
0.999976864
0.999982547
0.999994896
0.999997697
1
1
1
1
0.999998835
0.999990586
0.99996304
0.99993282
0.999825609
0.999553305
0.998609159
0.999437891
0.999323083
0.99937353
0.999633763
0.999829594
0.999893865
0.999971833
0.999986176
0.999972688
0.999933958
0.999971523
0.99996745
0.999953626
0.999969753
0.999990586
0.999990451
0.999995927
1.000000089
1
1
0.999997697
0.999994896
0.999976998
0.999890621
0.999882372
0.999798209
0.999612236
0.999744517
0.999812816
0.999762414
0.999847491
0.999901852
0.999940138
0.999976864
0.999989819
0.999994896
0.999998835
0.999994761
0.999986176
0.999949552
0.999927183
0.99967825
0.999739278
0.999677201
0.999729864
0.999740045
0.999798254
0.999823559
0.999871658
0.999911454
0.999961991
0.999982103
0.999989819
0.999983268
0.999958966
0.999904343
0.999790891
0.999583759
0.998934153
0.997607499
0.993882568
0.997089688
0.997379327
0.997077852
0.996912994
0.997934882
0.998381531
0.999186346
0.999650893
0.99978986
0.999909286
0.999953626
0.999972688
0.999982103
0.999982103
0.99998973
0.999995927
0.999994761
0.999982103
0.999919749
0.999657047
0.999666036
0.999885281
0.999757942
0.999831526
0.999814027
0.999830759
0.999835998
0.999881207
0.99992655
0.999953626
0.999933869
0.999901319
0.999881118
0.999831836
0.999677113
0.999247871
0.99785193
0.997876513
0.998385915
0.99832775
0.998722741
0.998022174
0.998484641
0.999235876
0.999373485
0.999472077
0.999680581
0.999812862
0.999885679
0.99993282
0.999949552
0.999978029
0.99998973
0.999978029
0.99996745
0.999935728
0.999921385
0.999911543
0.999908653
0.999919305
0.999876735
0.999821345
0.999536039
0.997860904
0.995497253
0.996315004
0.998489186
0.997566554
0.997483023
0.997215591
0.997606422
0.998244841
0.998315489
0.998762962
0.99925704
0.99945418
0.999528705
0.999469908
0.999375699
0.999249587
0.999104425
0.998126403
0.995732046
0.986995916
0.975835743
0.975965767
0.979599489
0.975824208
0.981628722
0.979917455
0.977391397
0.986343074
0.987802233
0.990609429
0.993517621
0.994746667
0.996959414
0.998334167
0.999079254
0.999506236
0.999692903
0.999808788
0.999886446
0.999931655
0.999959733
0.999971921
0.999981659
0.999994761
0.999997697
0.999999556
0.999998835
0.999997697
0.999995927
0.999990586
0.999984406
0.999978029
0.999976864
0.999967894
0.999950718
0.999903178
0.999757175
0.999157148
0.997859781
0.996520485
0.996459546
0.998232448
0.998692451
0.997547519
0.99778571
0.9982575
0.998351241
0.998661216
0.998507011
0.99867147
0.998893752
0.998822046
0.998824774
0.998763775
0.998674198
0.998045264
0.996931701
0.992402668
0.983132379
0.977980901
0.980639029
0.988724918
0.986371243
0.984183543
0.989385822
0.990196563
0.987785009
0.98829548
0.99009118
0.991816982
0.99574811
0.996998653
0.997994773
0.998948852
0.999151493
0.999076184
0.999294869
0.999488204
0.999648139
0.999772345
0.999843244
0.999909286
0.999949506
0.999959733
0.999961902
0.999972554
0.999969664
0.999966284
0.999949641
0.999913757
0.99988351
0.999807623
0.999672232
0.999496749
0.999422767
0.999380171
0.999284495
0.999073456
0.999030975
0.999160528
0.999153796
0.998554948
0.996708004
0.986649291
0.969640254
0.951433953
0.946958713
0.964733104
0.976472364
0.982813336
0.970506229
0.963629895
0.968963713
0.966314454
0.969053645
0.978365597
0.978625543
0.982112566
0.984907958
0.987434419
0.988815191
0.989922625
0.991050219
0.99158199
0.991558432
0.98861935
0.984121484
0.954033897
0.89665319
0.813806111
0.78785357
0.782210993
0.872945739
0.924931567
0.893331645
0.857207912
0.839326389
0.866849904
0.863887657
0.859767235
0.878437924
0.881209106
0.89490654
0.92048293
0.946389169
0.961181183
0.97037614
0.967616942
0.974983881
0.978027641
0.983836409
0.987242607
0.991440023
0.994093735
0.995933972
0.997432063
0.99835133
0.998944733
0.999064247
0.999378723
0.999506101
0.99958572
0.99963651
0.999748926
0.999812862
0.999863754
0.999858838
0.999899104
0.999881207
0.999886311
0.999897939
0.99992655
0.999936894
0.999954024
0.999969664
0.999982103
0.999989819
0.999990586
0.999990586
0.999994761
0.999990451
0.999989819
0.999980937
0.999971833
0.999960132
0.999954791
0.999936127
0.999932099
0.999908653
0.999887893
0.99985304
0.999821345
0.999734247
0.999620574
0.999253554
0.998760796
0.99777914
0.994846243
0.991591703
0.986970477
0.980150075
0.978479816
0.977511114
0.97968956
0.986678555
0.989780772
0.986926769
0.982317133
0.981217255
0.982837724
0.984415783
0.980675781
0.979408976
0.979100511
0.978779902
0.980628959
0.985326391
0.988353978
0.990440169
0.988364356
0.984654134
0.976759402
0.96727916
0.946940739
0.909890594
0.8688473
0.815443945
0.796942156
0.783199317
0.773951626
0.818771144
0.86976029
0.895772615
0.840945432
0.823160693
0.833642227
0.881656014
0.914533621
0.887081735
0.874293584
0.862008539
0.882845568
0.893582474
0.902722323
0.91687774
0.93263555
0.94570592
0.96117163
0.964081159
0.971903706
0.979393988
0.983903367
0.986720231
0.988051132
0.989607032
0.992961735
0.993118937
0.995855445
0.996368476
0.996002627
0.996201668
0.995128416
0.995067741
0.995198394
0.994882774
0.995835379
0.99657053
0.996631133
0.997611925
0.99800761
0.998197684
0.998926186
0.999058051
0.999423932
0.999546799
0.999652104
0.999803359
0.999829683
0.999876735
0.999894633
0.999908519
0.999881207
0.999871026
0.999833062
0.999787765
0.999752911
0.999621252
0.999584114
0.999247284
0.999135944
0.998775403
0.99849699
0.998122787
0.997579401
0.997707762
0.997420361
0.996156659
0.996292184
0.994268654
0.993954388
0.99435978
0.993102381
0.991808791
0.978084357
0.96273609
0.925527565
0.873393357
0.835251247
0.790089118
0.748553798
0.725737719
0.71118979
0.687746369
0.764091061
0.810620889
0.844257125
0.886564054
0.850677102
0.794789016
0.77209043
0.737350649
0.778183192
0.784342388
0.757007885
0.783661672
0.7443927
0.762739097
0.75849934
0.771573429
0.792180209
0.828373087
0.850306257
0.888492301
0.888454012
0.880676607
0.883484002
0.885439174
0.872828433
0.82702243
0.769117463
0.671712483
0.532346665
0.412944853
0.313448733
0.232488228
0.178580452
0.196632533
0.185201466
0.217726577
0.315035933
0.386078294
0.450881659
0.472041302
0.433745535
0.362744834
0.326549747
0.296376588
0.339893862
0.374062802
0.338634545
0.397266256
0.394426042
0.396215793
0.396847249
0.448353287
0.388213493
0.416646046
0.462479574
0.460814656
0.465689991
0.496496644
0.550131552
0.536108892
0.581830996
0.585843913
0.626329279
0.647033989
0.686832915
0.736671778
0.785360038
0.822524179
0.865319502
0.866045384
0.839644336
0.820552655
0.788083949
0.778346658
0.790439755
0.800923836
0.812711269
0.841682947
0.860776304
0.868594447
0.893621413
0.91699633
0.930613771
0.941025116
0.956440989
0.964867623
0.977700036
0.979719827
0.982926964
0.986022443
0.986822737
0.990855048
0.991802437
0.992451599
0.99522589
0.995406585
0.994700204
0.995066469
0.992956877
