0
0
0
0
0
0
0
0
0
0
0
0
0
0
0
0
0
0
0
0
0
0
0
0
0
0
0
0
0
0
0
0
0
0
0
0
0
0
0
0
0
0
0
0
0
0
0
0
0
0
0
0
0
0
0
0
0
0
0
0
0
0
0
0
0
0
0
0
0
0
0
0
0
0
0
0
0
0
0
0
0
0
0
0
0
0
0
0
0
0
0
0
0
0
0
0
0
0
0
0
0
0
0
0
0
0
0
0
0
0
0
0
0
0
0
0
0
0
0
0
0
0
0
0
0
0
0
0
0
0
0
0
0
0
0
0
0
0
0
0
0
0
0
0
0
0
0
0
0
0
0
0
0
0
0
0
0
0
0
0
0
0
0
0
0
0
0
0
0
0
0
0
0
0
0
0
0
0
0
0
0
0
0
0
0
0
0
0
0
0
0
0
0
0
0
0
0
0
0
0
0
0
0
0
0
0
0
0
0
0
0
0
0
0
0
0
0
0
0
0
0
0
0
0
0
0
0
0
0
0
0
0
0
0
0
0
0
0
0
0
0
0
0
0
0
0
0
0
0
0
0
0
0
0
0
0
0
0
0
0
0
0
0
0
0
0
0
0
0
0
0
0
0
0
0
0
0
0
0
0
0
0
0
0
0
0
0
0
0
0
0
0
0
0
0
0
0
0
0
0
0
0
0
0
0
0
0
0
0
0
0
0
0
0
0
0
0
0
0
0
0
0
0
0
0
0
0
0
0
0
0
0
0
0
0
0
0
0
0
0
0
0
0
0
0
0
0
0
0
0
0
0
0
0
0
0
0
0
0
0
0
0
0
0
0
0
0
0
0
0
0
0
0
0
0.00037316
0.00296451
0.01663315
0.02818619
0.05000442
0.08575595
0.14871265
0.25701156
0.42307501
0.62943997
0.80112571
0.90352196
0.93855197
0.94406104
0.94748920
0.96325767
0.97948137
0.99144397
0.99630748
1.00000000
0.99827121
0.99843182
0.98914342
0.98264167
0.96769944
0.95752283
0.95074919
0.94581250
0.94267916
0.94659580
0.94450012
0.93992861
0.92759688
0.91226544
0.89079677
0.87061020
0.85021777
0.83416655
0.82214927
0.81240780
0.80920229
0.80220847
0.79081499
0.78239761
0.76731527
0.75394962
0.74226922
0.72750987
0.71976209
0.71456726
0.71982866
0.72746214
0.73945306
0.75138424
0.76310661
0.77122498
0.78298312
0.78494127
0.78409222
0.78344980
0.78216032
0.78062401
0.78132572
0.78132720
0.78100810
0.77897938
0.77614450
0.76910534
0.76254940
0.75157186
0.74086146
0.73121299
0.71988688
0.71025573
0.69679744
0.68602501
0.67163906
0.65532408
0.64173681
0.62683353
0.61241074
0.60185411
0.59380689
0.58714687
0.58444579
0.58231388
0.58111599
0.57996902
0.57480451
0.57684802
0.57273034
0.57144461
0.56985127
0.57167225
0.57154913
0.57292235
0.57617796
0.57849080
0.58023702
0.57982619
0.57868642
0.57587451
0.56976789
0.56173136
0.55644176
0.54881732
0.54508423
0.54153848
0.54069902
0.53850959
0.53655263
0.53040400
0.52068821
0.50399678
0.48651300
0.46813829
0.45468861
0.44447936
0.44177056
0.44425396
0.44633078
0.43914074
0.41748156
0.36902770
0.30165803
0.23504284
0.17434599
0.12247894
0.08354059
0.05624109
0.03804368
0.02427229
0.01490577
0.00615862
0
0
0
0
0
0
0
0
0
0
0
0
0
0
0
0
0
0
0
0
0
0
0
0
0
0
0
0
0
0
0
0
0
0
0
0
0
0
0
0
0
0
0
0
0
0
0
0
0
0
0
0
0
0
0
0
0
0
0
0
0
0
0
0
0
0
0
0
0
0
0
0
0
0
0
0
0
0
0
0
0
0
0
0
0
0
0
0
0
0
0
0
0