0
0
0
0
0
0
0
0
0
0
0
0
0
0
0
0
0
0
0
0
0
0
0
0
0
0
0
0
0
0
0
0
0
0
0
0
0
0
0
0
0
0
0
0
0
0
0
0
0
0
0
0
0
0
0
0
0.05529541
0.12005068
0.25199051
0.46236170
0.65162379
0.77642171
0.82319091
0.83083116
0.83382106
0.83752600
0.86304286
0.88226141
0.90486326
0.92043837
0.93602675
0.93053300
0.92714067
0.91614790
0.90551724
0.89745515
0.90266694
0.90854264
0.92047913
0.92417935
0.91845025
0.90743244
0.89733983
0.88646415
0.87189983
0.85643973
0.84473414
0.84190734
0.85644111
0.87782724
0.90261174
0.91840544
0.94585847
0.96887192
0.99336135
0.99927899
1.00000000
0.99520325
0.98412711
0.97947473
0.97808297
0.97213439
0.96277794
0.95342234
0.93802376
0.92460144
0.90932642
0.90192251
0.89184298
0.88963556
0.89146958
0.89877911
0.91056869
0.92427362
0.93823555
0.95311791
0.97150808
0.98737003
0.99658514
0.99367959
0.98144714
0.95874415
0.89291635
0.73566218
0.52060373
0.33228040
0.19492197
0.11732617
0.07507304
0.05094154
0.03213016
0.01510217
0.00447984
0
0
0
0
0
0
0
0
0
0
0
0
0
0
0
0
0
0
0
0
0
0
0
0
0
0
0
0
0
0
0
0
0
0
0
0
0
0
0
0
0
0
0
0
0
0
0
0
0
0
0
0
0
0
0
0
0
0
0
0
0
0
0
0
0
0
0
0
0
0
0
0
0
0
0
0
0
0
0
0
0
0
0
0
0
0
0
0
0
0
0
0
0
0
0
0
0
0
0
0
0
0
0
0
0
0
0
0
0
0
0
0
0
0
0
0
0
0
0
0
0
0
0
0
0
0
0
0
0
0
0
0
0
0
0
0
0
0
0
0
0
0
0
0
0
0
0
0
0
0
0
0
0
0
0
0
0
0
0
0
0
0
0
0
0
0
0
0
0
0
0
0
0
0
0
0
0
0
0
0
0
0
0
0
0
0
0
0
0
0
0
0
0
0
0
0
0
0
0
0
0
0
0
0
0
0
0
0
0
0
0
0
0
0
0
0
0
0
0
0
0
0
0
0
0
0
0
0
0
0
0
0
0
0
0
0
0
0
0
0
0
0
0
0
0
0
0
0
0
0
0
0
0
0
0
0
0
0
0
0
0
0
0
0
0
0
0
0
0
0
0
0
0
0
0
0
0
0
0
0
0
0
0
0
0
0
0
0
0
0
0
0
0
0
0
0
0
0
0
0
0
0
0
0
0
0
0
0
0
0
0
0
0
0
0
0
0
0
0
0
0
0
0
0
0
0
0
0
0
0
0
0
0
0
0
0
0
0
0
0
0
0
0
0
0
0
0
0
0
0
0
0
0
0
0
0
0
0
0
0
0
0
0
0
0
0
0
0
0
0
0
0
0
0
0
0
0
0
0
0
0
0
0
0
0
0
0
0
0
0
0
0
0
0
0
0
0
0
0
0
0
0
0
0
0
0
0
0
0
0
0
0
0
0
0
0
0
0
0
0
0
0
0
0
0
0
0
0
0
0
0
0
0
0
0
0
0
0
0
0
0
0
0
0
0
0
0
0
0
0
0
0
0
0
0
0
0
0
0
0
0
0
0
0
0
0
0
0