0
0
0
0
0
0
0
0
0
0
0
0
0
0
0
0
0
0
0
0
0
0
0
0
0
0
0
0
0
0
0
0
0
0
0
0
0
0
0
0
0
0
0
0
0
0
0
0
0
0
0
0
0
0
0
0
0
0
0
0
0
0
0
0
0
0
0
0
0
0
0
0
0
0
0
0
0
0
0
0
0
0
0
0
0
0
0
0
0
0
0
0
0
0
0
0
0
0
0
0
0
0
0
0
0
0
0
0
0
0
0
0
0.00032837
0.00040286
0.0004889
0.00058934
0.00071741
0.00087833
0.00109091
0.00138202
0.00179561
0.0031737
0.0043149
0.00613501
0.00918434
0.01332811
0.02006346
0.03120767
0.04959156
0.0839209
0.14227405
0.23764506
0.38256499
0.52805549
0.72555327
0.86100316
0.91004026
0.951415
0.96025926
0.96094787
0.95796889
0.95961404
0.96103942
0.96782357
0.9674781
0.97103971
0.97596765
0.96995008
0.96583647
0.96272808
0.97035348
0.97657537
0.98478532
0.9922418
0.99788576
0.99755067
0.99513662
0.99290431
0.99221069
0.99147564
0.99039567
0.98744887
0.98513204
0.98482645
0.98690718
0.99114877
0.99476624
0.99384189
0.99101716
0.98722148
0.9837451
0.9834832
0.98670214
0.99195403
0.9963057
0.99934655
1
0.99947429
0.99812734
0.99595124
0.98932058
0.97415423
0.9492411
0.93502551
0.92853642
0.93185908
0.92724669
0.86449587
0.71098262
0.51626664
0.34508252
0.21616927
0.12075645
0.05834393
0.0269463
0.01243138
0.00607649
0.00376825
0.00202133
0.00115144
0.00069334
0.00044097
0.00029608
0.00021146
0.0001599
0.00012726
0.00010823
0.00009787
0.0000954
0.00010035
0.00011262
0
0
0
0
0
0
0
0
0
0
0
0
0
0
0
0
0
0
0
0
0
0
0
0
0
0
0
0
0
0
0
0
0
0
0
0
0
0
0
0
0
0
0
0
0
0
0
0
0
0
0
0
0
0
0
0
0
0
0
0
0
0
0
0
0
0
0
0
0
0
0
0
0
0
0
0
0
0
0
0
0
0
0
0
0
0
0
0
0
0
0
0
0
0
0
0
0
0
0
0
0
0
0
0
0
0
0
0
0
0
0
0
0
0
0
0
0
0
0
0
0
0
0
0
0
0
0
0
0
0
0
0
0
0
0
0
0
0
0
0
0
0
0
0
0
0
0
0
0
0
0
0
0
0
0
0
0
0
0
0
0
0
0
0
0
0
0
0
0
0
0
0
0
0
0
0
0
0
0
0
0
0
0
0
0
0
0
0
0
0
0
0
0
0
0
0
0
0
0
0
0
0
0
0
0
0
0
0
0
0
0
0
0
0
0
0
0
0
0
0
0
0
0
0
0
0
0
0
0
0
0
0
0
0
0
0
0
0
0
0
0
0
0
0
0
0
0
0
0
0
0
0
0
0
0
0
0
0
0
0
0
0
0
0
0
0
0
0
0
0
0
0
0
0
0
0
0
0
0
0
0
0
0
0
0
0
0
0
0
0
0
0
0
0
0
0
0
0
0
0
0
0
0
0
0
0
0
0
0
0
0
0
0
0
0
0
0
0
0
0
0
0
0
0
0
0
0
0
0
0
0
0
0
0
0
0
0
0
0
0
0
0
0
0
0
0
0
0
0
0
0
0
0
0
0
0
0
0
0
0
0
0
0
0
0
0
0
0
0
0
0
0
0
0
0
0
0
0
0
0
0
0
0
0
0
0
0
0
0
0