0
0
0
0
0
0
0
0
0
0
0
0
0
0
0
0
0
0
0
0
0
0
0
0
0
0
0
0
0
0
0
0
0
0
0
0
0.0000641
0.0000879
0.00012288
0.00017756
0.00026465
0.00040609
0.00064757
0.0010627
0.00180834
0.00423224
0.00733809
0.0132065
0.02738087
0.06140049
0.12810045
0.28426054
0.52622634
0.75461823
0.85015893
0.87050748
0.87301528
0.87386012
0.87411314
0.87535989
0.87936622
0.88182181
0.88110375
0.88239449
0.88807994
0.89365971
0.89804703
0.90057266
0.89131784
0.86657351
0.8358435
0.81551754
0.8177281
0.83361632
0.85324347
0.86751264
0.87968469
0.8864091
0.89245307
0.90207016
0.91684681
0.93018711
0.93724215
0.94008964
0.94266725
0.94259858
0.94212455
0.94310826
0.94514865
0.94699287
0.94705468
0.94369674
0.92798311
0.90826762
0.89631408
0.90117168
0.92790043
0.95433879
0.95914739
0.94807255
0.95188999
0.96618539
0.98983949
1
0.98322678
0.95298815
0.92356867
0.91930556
0.94349515
0.95687258
0.92322963
0.79937828
0.41356644
0.11275553
0.03274055
0.01292293
0.00580021
0.00378357
0.00263001
0.00204936
0.0016022
0.00113626
0.00072538
0.00045327
0.00030357
0.00022787
0.00019309
0.00018524
0.00019598
0.00021502
0.00022982
0
0
0
0
0
0
0
0
0
0
0
0
0
0
0
0
0
0
0
0
0
0
0
0
0
0
0
0
0
0
0
0
0
0
0
0
0
0
0
0
0
0
0
0
0
0
0
0
0
0
0
0
0
0
0
0
0
0
0
0
0
0
0
0
0
0
0
0
0
0
0
0
0
0
0
0
0
0
0
0
0
0
0
0
0
0
0
0
0
0
0
0
0
0
0
0
0
0
0
0
0
0
0
0
0
0
0
0
0
0
0
0
0
0
0
0
0
0
0
0
0
0
0
0
0
0
0
0
0
0
0
0
0
0
0
0
0
0
0
0
0
0
0
0
0
0
0
0
0
0
0
0
0
0
0
0
0
0
0
0
0
0
0
0
0
0
0
0
0
0
0
0
0
0
0
0
0
0
0
0
0
0
0
0
0
0
0
0
0
0
0
0
0
0
0
0
0
0
0
0
0
0
0
0
0
0
0
0
0
0
0
0
0
0
0
0
0
0
0
0
0
0
0
0
0
0
0
0
0
0
0
0
0
0
0
0
0
0
0
0
0
0
0
0
0
0
0
0
0
0
0
0
0
0
0
0
0
0
0
0
0
0
0
0
0
0
0
0
0
0
0
0
0
0
0
0
0
0
0
0
0
0
0
0
0
0
0
0
0
0
0
0
0
0
0
0
0
0
0
0
0
0
0
0
0
0
0
0
0
0
0
0
0
0
0
0
0
0
0
0
0
0
0
0
0
0
0
0
0
0
0
0
0
0
0
0
0
0
0
0
0
0
0
0
0
0
0
0
0
0
0
0
0
0
0
0
0
0
0
0
0
0
0
0
0
0
0
0
0
0
0
0
0
0
0
0
0
0
0
0
0
0
0
0
0
0
0
0
0
0
0
0
0
0
0
0
0
0
0
0
0
0
0
0
0
0
0
0
0
0
0
0
0
0
0
0
0
0
0
0
0
0
0
0
0
0
0
0
0
0
0
0
0
0
0
0
0
0
0
0
0
0
0
0
0
0
0
0
0
0
0
0
0
0
0
0
0
0
0
0
0
0
0
0
0
0
0
0
0
0